5 10
2 2 0 0 0 0 0 0 2 2
2 0 0 0 0 0 0 0 0 2
2 0 0 0 0 0 0 0 0 2
2 0 0 0 0 0 0 0 0 2
0 0 0 0 0 0 0 0 0 0

5 10
2 2 0 0 0 0 0 0 2 2
2 0 0 0 0 0 0 0 0 2
2 0 0 0 0 0 0 0 0 2
2 0 0 0 0 0 0 0 0 2
0 0 0 0 0 0 0 0 0 0

6 10
2 2 0 0 0 0 0 0 2 2
2 0 0 0 0 0 0 0 0 2
2 0 0 0 0 0 0 0 0 2
2 0 0 0 0 0 0 0 0 2
0 0 0 0 0 0 0 0 0 0
0 0 0 0 0 0 0 0 0 0

6 12
2 2 2 0 0 0 0 0 0 2 2 2
2 2 0 0 0 0 0 0 0 0 2 2
2 0 0 0 0 0 0 0 0 0 0 2
2 0 0 0 0 0 0 0 0 0 0 2
0 0 0 0 0 0 0 0 0 0 0 0
0 0 0 0 0 0 0 0 0 0 0 0

7 15
2 2 2 2 0 0 0 0 0 0 0 2 2 2 2
2 2 2 0 0 0 0 0 0 0 0 0 2 2 2
2 2 0 0 0 0 0 0 0 0 0 0 0 2 2
2 0 0 0 0 0 0 0 0 0 0 0 0 0 2
0 0 0 0 0 0 0 0 0 0 0 0 0 0 0 
0 0 0 0 0 0 0 0 0 0 0 0 0 0 0 
0 0 0 0 0 0 0 0 0 0 0 0 0 0 0