1 5 10
2 2 0 0 1 0 1 1 2 2
2 1 1 0 1 1 0 0 0 2
2 0 1 0 0 1 0 1 0 2
2 0 1 1 0 0 1 1 1 2
1 1 0 1 0 0 0 1 0 1

2 5 10
2 2 0 1 1 0 0 0 2 2
2 0 1 0 1 1 1 1 1 2
2 1 0 0 1 1 0 0 0 2
2 1 0 0 1 1 1 1 1 2
0 1 0 1 0 1 1 0 1 0

3 5 10
2 2 0 1 1 0 1 0 2 2
2 1 0 0 0 0 1 1 1 2
2 1 1 0 1 1 0 0 1 2
2 1 0 0 0 1 0 0 0 2
0 1 0 1 1 0 1 1 0 0

4 5 10
2 2 0 1 0 1 1 1 2 2
2 0 1 1 0 0 1 1 0 2
2 0 1 1 1 0 1 1 0 2
2 0 1 0 0 0 1 0 1 2
0 0 1 1 0 1 1 0 0 0

5 6 10
2 2 0 1 1 0 0 1 2 2
2 0 0 1 1 1 1 1 1 2
2 0 0 0 0 0 0 1 0 2
2 0 1 0 0 0 0 0 1 2
0 1 0 0 1 0 0 1 0 0
0 1 1 1 0 1 0 1 0 1

6 6 10
2 2 0 1 1 0 1 1 2 2
2 0 0 0 1 0 0 1 1 2
2 0 0 1 0 0 1 1 1 2
2 0 1 0 0 1 0 1 0 2
0 1 1 0 0 1 1 0 0 1
0 0 0 1 0 1 0 0 1 0

7 6 10
2 2 1 1 0 1 0 0 2 2
2 1 0 1 1 1 0 0 0 2
2 1 0 0 1 0 0 0 1 2
2 1 0 1 1 1 0 1 0 2
0 1 1 1 0 1 1 0 1 0
0 1 0 0 0 1 1 0 1 1

8 6 12
2 2 2 0 1 1 1 0 0 2 2 2
2 2 0 0 1 1 0 1 0 1 2 2
2 0 0 1 1 1 1 1 1 0 0 2
2 1 1 1 1 1 0 1 0 0 0 2
1 0 0 0 1 0 1 1 0 1 1 0
1 0 0 0 0 1 0 1 1 0 0 0

9 6 12
2 2 2 1 1 1 1 0 1 2 2 2
2 2 0 1 1 1 0 0 0 1 2 2
2 1 1 0 1 0 0 0 0 1 0 2
2 1 1 1 0 1 0 0 1 0 0 2
0 1 0 1 1 1 1 0 1 0 1 0
1 0 0 0 0 0 0 1 0 0 0 1

10 7 15
2 2 2 2 0 1 1 0 1 0 1 2 2 2 2
2 2 2 1 1 0 0 1 1 0 0 1 2 2 2
2 2 1 0 1 0 0 1 0 1 1 0 0 2 2
2 1 0 1 0 1 0 0 1 0 0 0 0 0 2
0 1 1 1 0 0 1 0 0 0 0 1 1 1 0
0 0 0 1 1 0 1 1 1 0 0 0 1 0 1
1 0 0 0 0 0 1 1 1 1 1 1 1 0 0

11 7 15
2 2 2 2 0 1 1 1 1 1 0 2 2 2 2
2 2 2 1 1 1 0 1 1 1 1 1 2 2 2
2 2 0 0 0 1 0 0 1 0 0 1 1 2 2
2 1 1 1 0 0 1 1 1 0 0 1 1 0 2
1 0 0 0 1 1 1 1 1 1 0 1 1 0 1
0 1 1 0 1 0 1 0 1 0 0 1 0 1 0
1 0 0 0 1 0 1 1 0 0 0 0 1 1 1

12 7 15
2 2 2 2 0 1 0 0 0 1 1 2 2 2 2
2 2 2 1 0 0 0 1 1 1 1 1 2 2 2
2 2 0 1 1 0 1 1 1 1 1 0 1 2 2
2 0 1 1 1 0 1 0 0 0 0 1 1 0 2
0 1 1 1 0 1 0 1 0 1 0 0 0 1 1
1 1 1 1 0 0 0 1 1 1 1 1 1 1 1
0 0 0 0 1 0 0 1 1 0 0 0 0 1 1